
function origin_result = RCM38_convert(x)
x_origin = [];

G = [   2.0336507971433414e+02  -5.3956475914255392e+01  -2.7088978087868369e+01  -2.0336507971375815e+02   5.3956475914255392e+01   2.7088978087868369e+01   0.0000000000000000e+00   0.0000000000000000e+00   0.0000000000000000e+00   0.0000000000000000e+00   0.0000000000000000e+00   0.0000000000000000e+00   0.0000000000000000e+00   0.0000000000000000e+00   0.0000000000000000e+00;
       -5.3956475914255392e+01   2.3398757254504045e+02  -8.6283054943635207e+01   5.3956475914255392e+01  -2.3398757253928045e+02   8.6283054943635207e+01   0.0000000000000000e+00   0.0000000000000000e+00   0.0000000000000000e+00   0.0000000000000000e+00   0.0000000000000000e+00   0.0000000000000000e+00   0.0000000000000000e+00   0.0000000000000000e+00   0.0000000000000000e+00;
       -2.7088978087868366e+01  -8.6283054943635207e+01   2.2201347979167249e+02   2.7088978087868366e+01   8.6283054943635207e+01  -2.2201347979109650e+02   0.0000000000000000e+00   0.0000000000000000e+00   0.0000000000000000e+00   0.0000000000000000e+00   0.0000000000000000e+00   0.0000000000000000e+00   0.0000000000000000e+00   0.0000000000000000e+00   0.0000000000000000e+00;
       -2.0336507971375815e+02   5.3956475914255392e+01   2.7088978087868369e+01   9.6523494572590857e+02  -2.1701526742738102e+02  -1.1958512736147634e+02  -4.0673015942751630e+02   1.0791295182851078e+02   5.4177956175736739e+01   0.0000000000000000e+00   0.0000000000000000e+00   0.0000000000000000e+00  -3.5513970658463421e+02   5.5145839684614856e+01   3.8318193097871237e+01;
        5.3956475914255392e+01  -2.3398757253928045e+02   8.6283054943635207e+01  -2.1701526742738102e+02   1.0650133220777063e+03  -3.3574578008216434e+02   1.0791295182851078e+02  -4.6797514507856090e+02   1.7256610988727041e+02   0.0000000000000000e+00   0.0000000000000000e+00   0.0000000000000000e+00   5.5145839684614856e+01  -3.6305060445986504e+02   7.6896615251258694e+01;
        2.7088978087868366e+01   8.6283054943635207e+01  -2.2201347979109650e+02  -1.1958512736147634e+02  -3.3574578008216429e+02   1.0272843110747488e+03   5.4177956175736732e+01   1.7256610988727041e+02  -4.4402695958219300e+02   0.0000000000000000e+00   0.0000000000000000e+00   0.0000000000000000e+00   3.8318193097871237e+01   7.6896615251258680e+01  -3.6124387170145928e+02;
        0.0000000000000000e+00   0.0000000000000000e+00   0.0000000000000000e+00  -4.0673015942751630e+02   1.0791295182851078e+02   5.4177956175736739e+01   8.1346031885503260e+02  -2.1582590365702157e+02  -1.0835591235147348e+02  -4.0673015942751630e+02   1.0791295182851078e+02   5.4177956175736739e+01   0.0000000000000000e+00   0.0000000000000000e+00   0.0000000000000000e+00;
        0.0000000000000000e+00   0.0000000000000000e+00   0.0000000000000000e+00   1.0791295182851078e+02  -4.6797514507856090e+02   1.7256610988727041e+02  -2.1582590365702157e+02   9.3595029015712180e+02  -3.4513221977454083e+02   1.0791295182851078e+02  -4.6797514507856090e+02   1.7256610988727041e+02   0.0000000000000000e+00   0.0000000000000000e+00   0.0000000000000000e+00;
        0.0000000000000000e+00   0.0000000000000000e+00   0.0000000000000000e+00   5.4177956175736732e+01   1.7256610988727041e+02  -4.4402695958219300e+02  -1.0835591235147346e+02  -3.4513221977454083e+02   8.8805391916438600e+02   5.4177956175736732e+01   1.7256610988727041e+02  -4.4402695958219300e+02   0.0000000000000000e+00   0.0000000000000000e+00   0.0000000000000000e+00;
        0.0000000000000000e+00   0.0000000000000000e+00   0.0000000000000000e+00   0.0000000000000000e+00   0.0000000000000000e+00   0.0000000000000000e+00  -4.0673015942751630e+02   1.0791295182851078e+02   5.4177956175736739e+01   4.0673015942751630e+02  -1.0791295182851078e+02  -5.4177956175736739e+01   0.0000000000000000e+00   0.0000000000000000e+00   0.0000000000000000e+00;
        0.0000000000000000e+00   0.0000000000000000e+00   0.0000000000000000e+00   0.0000000000000000e+00   0.0000000000000000e+00   0.0000000000000000e+00   1.0791295182851078e+02  -4.6797514507856090e+02   1.7256610988727041e+02  -1.0791295182851078e+02   4.6797514507856090e+02  -1.7256610988727041e+02   0.0000000000000000e+00   0.0000000000000000e+00   0.0000000000000000e+00;
        0.0000000000000000e+00   0.0000000000000000e+00   0.0000000000000000e+00   0.0000000000000000e+00   0.0000000000000000e+00   0.0000000000000000e+00   5.4177956175736732e+01   1.7256610988727041e+02  -4.4402695958219300e+02  -5.4177956175736732e+01  -1.7256610988727041e+02   4.4402695958219300e+02   0.0000000000000000e+00   0.0000000000000000e+00   0.0000000000000000e+00;
        0.0000000000000000e+00   0.0000000000000000e+00   0.0000000000000000e+00  -3.5513970658463421e+02   5.5145839684614856e+01   3.8318193097871237e+01   0.0000000000000000e+00   0.0000000000000000e+00   0.0000000000000000e+00   0.0000000000000000e+00   0.0000000000000000e+00   0.0000000000000000e+00   3.5513970658463421e+02  -5.5145839684614856e+01  -3.8318193097871237e+01;
        0.0000000000000000e+00   0.0000000000000000e+00   0.0000000000000000e+00   5.5145839684614856e+01  -3.6305060445986504e+02   7.6896615251258694e+01   0.0000000000000000e+00   0.0000000000000000e+00   0.0000000000000000e+00   0.0000000000000000e+00   0.0000000000000000e+00   0.0000000000000000e+00  -5.5145839684614856e+01   3.6305060445986504e+02  -7.6896615251258694e+01;
        0.0000000000000000e+00   0.0000000000000000e+00   0.0000000000000000e+00   3.8318193097871237e+01   7.6896615251258680e+01  -3.6124387170145928e+02   0.0000000000000000e+00   0.0000000000000000e+00   0.0000000000000000e+00   0.0000000000000000e+00   0.0000000000000000e+00   0.0000000000000000e+00  -3.8318193097871237e+01  -7.6896615251258680e+01   3.6124387170145928e+02];
